image: hallway.pgm
resolution: 0.050000
#origin: [-50.000000, -50.000000, 0.000000]

origin: [-3.2,-8.9,0]  
negate: 0
occupied_thresh: 0.65
free_thresh: 0.196

